1 49 17500
2 37 49000
3 86 1500
4 74 26000
5 23 22000
6 84 20000
7 98 1000
8 6 37500
9 15 8000
10 77 14000
11 71 3000
12 29 14500
13 86 13500
14 84 29000
15 29 34000
16 70 47000
17 23 41500
18 97 46500
19 51 23000
20 7 42500
21 39 18500
22 52 31500
23 19 14500
24 25 34000
25 16 14500
26 27 42500
27 41 20500
28 49 25500
29 86 21000
30 22 1500
31 7 42500
32 7 9000
33 93 15000
34 98 17000
35 12 39500
36 83 47000
37 86 3000
38 55 14500
39 10 3500
40 80 6000
41 43 21500
42 39 33000
43 38 15000
44 42 46000
45 15 10000
46 14 28500
47 50 34500
48 64 19500
49 54 36500
50 33 48500
51 86 34500
52 55 11000
53 44 50000
54 18 24500
55 39 13500
56 53 2500
57 85 1000
58 93 7500
59 67 35000
60 52 18500
61 79 32000
62 48 15500
63 80 12500
64 93 49000
65 65 22000
66 38 3500
67 45 42500
68 58 3000
69 74 34000
70 82 41500
71 31 7000
72 15 41000
73 91 18500
74 85 31500
75 36 28000
76 47 44500
77 99 34500
78 93 500
79 89 44500
80 74 44500
81 93 16000
82 93 15500
83 87 15500
84 27 43500
85 17 38500
86 54 11500
87 64 46500
88 91 4500
89 32 35000
90 13 36500
91 63 30000
92 6 40500
93 35 43500
94 56 28500
95 25 20000
96 30 41500
97 10 41000
98 16 27000
99 40 12500
100 80 16500
